100
0 30
30 24
24 91
91 82 13 83
82
13 72
83 27
72 98
27 63 81
98
63 17
81 42 48 73
17 56 4
42
48
73 88 49 69 34
56 90
4 12
88
49 57 79 64
69 6 32 41
34 75 36
90
12 46
57
79
64 53
6
32
41 89
75 2 66
36 15
46 92
53 38
89 85 20
2
66 19
15 99
92 76
38 5 80
85 1 77
20 8 97
19 45 51
99 61 70 55
76 60
5 67
80 14 94
1 22 59
77 10 21 35
8 18 62
97 65
45
51
61
70 26 37
55 86
60 11 23 31 39 78
67
14
94 58
22
59
10
21
35 3
18
62
65
26
37
86 33
11
23
31
39
78
58
3 71 87
33 25 93
71
87 43
25
93 50
43 29
50 40 54
29 28 47 74
40
54 84
28
47 9
74 16 68 52
84
9
16 7
68 44
52 96
7
44 95
96
95
45
64
20
30
93
3
29
66
97
99
91
59
17
97
99
78
12
85
75
47
84
57
16
5
37
13
40
55
39
42
37
66
48
89
22
62
21
65
79
11
81
36
51
86
64
32
