301
30 36 43 47 53 57 60 62 66 70 90 104 105 106 108 113 123 125 134 136 158 165 175 176 191 223 245 246 257 259 262 276 292 304 318 335 346 363 382 389 405 409 416 417 492 496 506 508 511 545 554 560 564 565 566 571 587 598 605 614 625 629 657 662 664 674 684 687 700 713 722 732 740 743 746 755 761 777 804 825 826 840 868 887 892 902 903 923 933 934 959 960 974 975 984 988 989 990 994 1004 1044 1054 1067 1076 1086 1100 1111 1120 1142 1153 1164 1169 1175 1182 1187 1189 1192 1199 1206 1208 1209 1217 1226 1231 1261 1278 1282 1287 1297 1311 1318 1348 1359 1368 1385 1389 1403 1428 1433 1454 1457 1463 1469 1514 1520 1524 1531 1545 1556 1617 1630 1633 1639 1664 1684 1705 1707 1714 1718 1758 1779 1782 1785 1794 1824 1830 1831 1847 1850 1862 1878 1893 1895 1904 1905 1927 1930 1940 1944 1945 1949 1971 1978 1985 1999 2018 2034 2040 2054 2063 2072 2082 2100 2106 2122 2131 2140 2147 2159 2183 2185 2188 2194 2204 2207 2213 2224 2249 2255 2256 2262 2270 2272 2275 2276 2294 2298 2305 2310 2319 2326 2334 2363 2368 2374 2377 2381 2387 2409 2410 2414 2421 2425 2458 2469 2478 2480 2488 2491 2503 2516 2519 2521 2528 2550 2562 2566 2567 2574 2576 2595 2599 2609 2627 2641 2642 2648 2654 2662 2671 2679 2691 2695 2697 2699 2711 2721 2726 2729 2740 2757 2758 2770 2775 2785 2787 2796 2799 2802 2810 2815 2824 2829 2832 2838 2841 2850 2852 2856 2910 2914 2919 2922 2950 2952 2955 2968 2969 3001 3003 3005 
20
1566
75
1238
2687
709
1487
1486
818
481
5
633
1571
1991
460
1756
2346
713
258
921
47
